[[ 88  95  37  12 119  78  21   8 138  14  71 127]
 [ 9 *126 *114 *93 40 107   3 124  31  76  20  46]
 [103  26  24 *52  58 *29 133 *39  64 *57 *45  73]
 [  1 *10  99  35  94 *81 139 *118 111 109 141*44]
 [108 121  70 134 *50  34 *112 84  98 *100 79  22]
 [*120 96  69  27  15   4  62  85  49 68 *101 104]
 [ 18 106  *0 *17 110 *38  56 143 117   6  13  77]
 [ 90  *7 123 *131 132 30 *51 116  36  11   5 140]
 [ 53  92 130 122 129  66  60  89  48  25  28 *97]
 [113 *61  67 *115 *83 125 87  23  82  47 55 *128]
 [ 41   2  42  80 *33 137 *63  32 *54 *75 135  65]
 [*105 *59 136 16 *74 *72  86 *43 *102 91 19 *142]]